{
 "cells": [
  {
   "cell_type": "code",
   "execution_count": 4,
   "id": "2a112192-3f36-4892-91ae-dfcd86a3bdf2",
   "metadata": {
    "execution": {
     "iopub.execute_input": "2025-09-18T17:53:33.058174Z",
     "iopub.status.busy": "2025-09-18T17:53:33.057614Z",
     "iopub.status.idle": "2025-09-18T17:53:33.071406Z",
     "shell.execute_reply": "2025-09-18T17:53:33.070713Z",
     "shell.execute_reply.started": "2025-09-18T17:53:33.058144Z"
    }
   },
   "outputs": [],
   "source": [
    "from unicirc import sample_from_group\n",
    "\n",
    "group = \"SO\"\n",
    "\n",
    "n_targets = 10\n",
    "seed = 69214\n",
    "\n",
    "n = 3\n",
    "targets = sample_from_group(n, n_targets, group, seed)\n",
    "working = [0, 2, 3, 6, 7, 8, 9]\n",
    "not_working = [1, 4, 5]"
   ]
  },
  {
   "cell_type": "code",
   "execution_count": 5,
   "id": "1f6a29b4-fd0e-44bf-a17a-f934d2cbc036",
   "metadata": {
    "execution": {
     "iopub.execute_input": "2025-09-18T17:53:33.690934Z",
     "iopub.status.busy": "2025-09-18T17:53:33.690556Z",
     "iopub.status.idle": "2025-09-18T17:53:33.696462Z",
     "shell.execute_reply": "2025-09-18T17:53:33.695741Z",
     "shell.execute_reply.started": "2025-09-18T17:53:33.690908Z"
    }
   },
   "outputs": [
    {
     "data": {
      "text/plain": [
       "array([[ 0.05556411, -0.16449773,  0.82617651,  0.22181269,  0.13749852,\n",
       "        -0.42615365, -0.17077924,  0.09168593],\n",
       "       [-0.15547675, -0.15574738, -0.46810346,  0.41905734, -0.1786796 ,\n",
       "        -0.69774437,  0.07346989,  0.18074404],\n",
       "       [-0.23415549, -0.3781924 , -0.01828083, -0.55962693, -0.39789658,\n",
       "        -0.19892451, -0.48147646, -0.24272   ],\n",
       "       [-0.78145738, -0.01074722,  0.2454324 ,  0.20361729, -0.35515275,\n",
       "         0.27690485,  0.27771051,  0.08705689],\n",
       "       [ 0.18143706, -0.2795774 , -0.02145222,  0.56023785, -0.17265922,\n",
       "         0.22499146, -0.12009587, -0.69262908],\n",
       "       [-0.13987797,  0.84356709,  0.03460821,  0.0814809 , -0.14461846,\n",
       "        -0.20388306, -0.34429424, -0.28279061],\n",
       "       [ 0.41718524,  0.12444539,  0.18986513, -0.19302355, -0.62560023,\n",
       "        -0.17106047,  0.55389597, -0.09861484],\n",
       "       [-0.28408874, -0.01681209,  0.00579518, -0.25056755,  0.47181697,\n",
       "        -0.30634534,  0.46554443, -0.56833346]])"
      ]
     },
     "execution_count": 5,
     "metadata": {},
     "output_type": "execute_result"
    }
   ],
   "source": [
    "targets[1]"
   ]
  },
  {
   "cell_type": "code",
   "execution_count": 8,
   "id": "bdbc074b-5f78-4939-842d-09e67529d61f",
   "metadata": {
    "execution": {
     "iopub.execute_input": "2025-09-18T17:57:13.585840Z",
     "iopub.status.busy": "2025-09-18T17:57:13.585470Z",
     "iopub.status.idle": "2025-09-18T17:57:13.592671Z",
     "shell.execute_reply": "2025-09-18T17:57:13.592059Z",
     "shell.execute_reply.started": "2025-09-18T17:57:13.585815Z"
    }
   },
   "outputs": [],
   "source": [
    "import numpy as np\n",
    "# Special orthogonal group:\n",
    "# Real-valued\n",
    "assert targets.dtype == np.float64\n",
    "# transpose is inverse\n",
    "assert all(np.allclose(t.T @ t, np.eye(2**n)) for t in targets)\n",
    "# Determinant is one\n",
    "assert np.allclose(np.linalg.det(targets), 1)"
   ]
  },
  {
   "cell_type": "code",
   "execution_count": 18,
   "id": "8c63761b-51ab-4087-b1db-49b8c38d1ebc",
   "metadata": {
    "execution": {
     "iopub.execute_input": "2025-09-18T18:00:59.829729Z",
     "iopub.status.busy": "2025-09-18T18:00:59.829277Z",
     "iopub.status.idle": "2025-09-18T18:00:59.841866Z",
     "shell.execute_reply": "2025-09-18T18:00:59.841209Z",
     "shell.execute_reply.started": "2025-09-18T18:00:59.829691Z"
    }
   },
   "outputs": [
    {
     "name": "stdout",
     "output_type": "stream",
     "text": [
      "[[ 0.    0.23 -0.05  0.07  0.86 -0.86 -0.74  0.45]\n",
      " [-0.23 -0.    0.64 -0.17  0.68  0.25  1.06 -0.65]\n",
      " [ 0.05 -0.64 -0.    0.41 -1.1   0.35  0.03  0.86]\n",
      " [-0.07  0.17 -0.41 -0.    0.3  -1.35 -0.   -0.53]\n",
      " [-0.86 -0.68  1.1  -0.3  -0.   -0.47  0.03 -1.  ]\n",
      " [ 0.86 -0.25 -0.35  1.35  0.47 -0.    0.99  0.41]\n",
      " [ 0.74 -1.06 -0.03  0.   -0.03 -0.99 -0.    0.41]\n",
      " [-0.45  0.65 -0.86  0.53  1.   -0.41 -0.41 -0.  ]]\n",
      "[[-0.    0.23  1.07  0.82  0.12 -0.18 -0.36  0.77]\n",
      " [-0.23  0.   -0.14  0.4   0.01 -1.72 -0.2  -0.41]\n",
      " [-1.07  0.14 -0.   -0.7  -0.27 -0.68 -0.38 -0.84]\n",
      " [-0.82 -0.4   0.7  -0.   -0.56  0.27  0.29  0.48]\n",
      " [-0.12 -0.01  0.27  0.56 -0.   -0.12  0.45 -1.7 ]\n",
      " [ 0.18  1.72  0.68 -0.27  0.12 -0.   -0.09  0.  ]\n",
      " [ 0.36  0.2   0.38 -0.29 -0.45  0.09 -0.   -0.76]\n",
      " [-0.77  0.41  0.84 -0.48  1.7  -0.    0.76  0.  ]]\n",
      "4.858084273851788\n",
      "4.955366444418875\n"
     ]
    }
   ],
   "source": [
    "import scipy as sp\n",
    "\n",
    "first_working = targets[working[0]]\n",
    "gen_working = sp.linalg.logm(first_working)\n",
    "\n",
    "first_non_working = targets[not_working[0]]\n",
    "gen_non_working = sp.linalg.logm(first_non_working)\n",
    "\n",
    "print(np.round(gen_working, 2))\n",
    "\n",
    "print(np.round(gen_non_working, 2))\n",
    "assert np.allclose(gen_working.T, -gen_working)\n",
    "assert np.allclose(gen_non_working.T, -gen_non_working)\n",
    "print(np.linalg.norm(gen_working))\n",
    "print(np.linalg.norm(gen_non_working))"
   ]
  },
  {
   "cell_type": "code",
   "execution_count": 25,
   "id": "16f06cb1-e6b9-4e6e-93b1-f144796c0c0a",
   "metadata": {
    "execution": {
     "iopub.execute_input": "2025-09-18T18:18:18.366314Z",
     "iopub.status.busy": "2025-09-18T18:18:18.365824Z",
     "iopub.status.idle": "2025-09-18T18:18:18.453811Z",
     "shell.execute_reply": "2025-09-18T18:18:18.453448Z",
     "shell.execute_reply.started": "2025-09-18T18:18:18.366280Z"
    },
    "scrolled": true
   },
   "outputs": [],
   "source": [
    "from unicirc import matrix_v2\n",
    "\n",
    "mat_fn = matrix_v2(n, \"SO\")\n",
    "dim = (2**n * (2**n - 1)) // 2\n",
    "for _ in range(100):\n",
    "    params = np.random.normal(size=dim) * 0.2\n",
    "    mat = mat_fn(params)\n",
    "    assert mat.dtype == np.float64, f\"{mat.dtype=}\"\n",
    "    assert np.allclose(mat @ mat.T, np.eye(2**n))\n",
    "    assert np.isclose(np.linalg.det(mat), 1)"
   ]
  },
  {
   "cell_type": "code",
   "execution_count": 26,
   "id": "969ae0a9-7be9-441e-989d-a9e59734e8f3",
   "metadata": {
    "execution": {
     "iopub.execute_input": "2025-09-18T18:36:47.316314Z",
     "iopub.status.busy": "2025-09-18T18:36:47.315898Z",
     "iopub.status.idle": "2025-09-18T18:36:47.331598Z",
     "shell.execute_reply": "2025-09-18T18:36:47.331026Z",
     "shell.execute_reply.started": "2025-09-18T18:36:47.316280Z"
    }
   },
   "outputs": [
    {
     "name": "stdout",
     "output_type": "stream",
     "text": [
      "0: ──RY(-0.03)─╭●──RY(0.10)────────────────╭●──RY(0.26)───────────────╭●──RY(0.03)──── ···\n",
      "1: ──RY(0.10)──╰Z──RY(-0.37)─╭●──RY(0.19)──╰Z──RY(0.05)─╭●──RY(-0.10)─╰Z──RY(-0.12)─╭● ···\n",
      "2: ──RY(-0.18)───────────────╰Z──RY(-0.04)──────────────╰Z──RY(0.08)────────────────╰Z ···\n",
      "\n",
      "0: ··· ────────────╭●──RY(0.31)────────────────╭●──RY(0.11)────────────────╭●──RY(0.02)─── ···\n",
      "1: ··· ──RY(-0.20)─╰Z──RY(-0.10)─╭●──RY(-0.16)─╰Z──RY(-0.39)─╭●──RY(0.56)──╰Z──RY(0.02)─╭● ···\n",
      "2: ··· ──RY(-0.08)───────────────╰Z──RY(0.09)────────────────╰Z──RY(-0.12)──────────────╰Z ···\n",
      "\n",
      "0: ··· ───────────╭●──RY(0.06)─┤  \n",
      "1: ··· ──RY(0.02)─╰Z───────────┤  \n",
      "2: ··· ──RY(0.23)──────────────┤  \n"
     ]
    }
   ],
   "source": [
    "from unicirc import make_ansatz\n",
    "import pennylane as qml\n",
    "ansatz = make_ansatz(n, \"SO\")\n",
    "print(qml.draw(ansatz)(params))\n"
   ]
  },
  {
   "cell_type": "code",
   "execution_count": null,
   "id": "5629ce7e-0d28-4ecf-bfe0-804da16e6e6b",
   "metadata": {},
   "outputs": [],
   "source": []
  }
 ],
 "metadata": {
  "kernelspec": {
   "display_name": "Python 3 (ipykernel)",
   "language": "python",
   "name": "python3"
  },
  "language_info": {
   "codemirror_mode": {
    "name": "ipython",
    "version": 3
   },
   "file_extension": ".py",
   "mimetype": "text/x-python",
   "name": "python",
   "nbconvert_exporter": "python",
   "pygments_lexer": "ipython3",
   "version": "3.12.7"
  }
 },
 "nbformat": 4,
 "nbformat_minor": 5
}
